0, 0, aa, 4
0, 1, ab, 8
0, 2, ac, 8
0, 3, ad, 5
0, 5, af, 1
0, 6, ag, 4
0, 8, ai, 3
0, 10, ak, 2
0, 11, al, 17
0, 12, am, 10
0, 13, an, 28
0, 14, ao, 2
0, 15, ap, 2
0, 17, ar, 14
0, 18, as, 10
0, 19, at, 27
0, 20, au, 2
0, 21, av, 3
0, 22, aw, 1
0, 24, ay, 2
1, 4, be, 6
1, 8, bi, 5
1, 11, bl, 1
1, 14, bo, 4
1, 24, by, 1
2, 0, ca, 4
2, 2, cc, 6
2, 4, ce, 9
2, 7, ch, 12
2, 8, ci, 9
2, 11, cl, 1
2, 14, co, 25
2, 17, cr, 3
2, 18, cs, 1
2, 19, ct, 11
2, 20, cu, 1
3, 0, da, 10
3, 1, db, 2
3, 2, dc, 2
3, 3, dd, 5
3, 4, de, 11
3, 6, dg, 1
3, 8, di, 10
3, 11, dl, 2
3, 12, dm, 1
3, 14, do, 1
3, 15, dp, 1
3, 17, dr, 3
3, 18, ds, 2
3, 19, dt, 8
3, 20, du, 1
4, 0, ea, 20
4, 1, eb, 1
4, 2, ec, 25
4, 3, ed, 13
4, 4, ee, 4
4, 5, ef, 6
4, 6, eg, 4
4, 7, eh, 1
4, 8, ei, 5
4, 10, ek, 1
4, 11, el, 6
4, 12, em, 9
4, 13, en, 25
4, 14, eo, 4
4, 15, ep, 3
4, 17, er, 21
4, 18, es, 27
4, 19, et, 18
4, 20, eu, 1
4, 21, ev, 7
4, 22, ew, 9
4, 23, ex, 1
4, 24, ey, 5
5, 0, fa, 2
5, 4, fe, 2
5, 5, ff, 1
5, 6, fg, 1
5, 8, fi, 9
5, 12, fm, 2
5, 14, fo, 5
5, 17, fr, 2
5, 18, fs, 2
5, 19, ft, 2
5, 20, fu, 4
6, 0, ga, 3
6, 4, ge, 9
6, 7, gh, 2
6, 8, gi, 1
6, 11, gl, 2
6, 12, gm, 1
6, 13, gn, 2
6, 17, gr, 3
6, 18, gs, 6
6, 19, gt, 2
6, 20, gu, 1
6, 24, gy, 1
7, 0, ha, 17
7, 4, he, 24
7, 8, hi, 10
7, 12, hm, 1
7, 13, hn, 1
7, 14, ho, 2
7, 15, hp, 1
7, 17, hr, 2
7, 19, ht, 2
7, 22, hw, 2
8, 0, ia, 4
8, 1, ib, 3
8, 2, ic, 11
8, 3, id, 3
8, 4, ie, 3
8, 5, if, 3
8, 6, ig, 3
8, 11, il, 15
8, 12, im, 4
8, 13, in, 30
8, 14, io, 22
8, 15, ip, 3
8, 17, ir, 5
8, 18, is, 3
8, 19, it, 16
8, 21, iv, 2
8, 25, iz, 1
9, 20, ju, 1
10, 0, ka, 1
10, 8, ki, 1
10, 18, ks, 1
11, 0, la, 2
11, 1, lb, 1
11, 2, lc, 1
11, 3, ld, 7
11, 4, le, 19
11, 6, lg, 1
11, 7, lh, 2
11, 8, li, 9
11, 11, ll, 25
11, 12, lm, 1
11, 14, lo, 5
11, 15, lp, 3
11, 18, ls, 1
11, 19, lt, 3
11, 20, lu, 1
11, 22, lw, 1
11, 24, ly, 3
12, 0, ma, 11
12, 1, mb, 1
12, 2, mc, 1
12, 4, me, 3
12, 8, mi, 3
12, 11, ml, 1
12, 12, mm, 5
12, 14, mo, 6
12, 15, mp, 6
12, 18, ms, 3
12, 20, mu, 4
12, 22, mw, 1
12, 26, m , 1
13, 0, na, 12
13, 1, nb, 2
13, 2, nc, 8
13, 3, nd, 17
13, 4, ne, 6
13, 5, nf, 1
13, 6, ng, 22
13, 7, nh, 2
13, 8, ni, 8
13, 10, nk, 1
13, 11, nl, 1
13, 12, nm, 2
13, 13, nn, 5
13, 14, no, 4
13, 15, np, 2
13, 18, ns, 9
13, 19, nt, 13
13, 20, nu, 3
13, 22, nw, 1
14, 0, oa, 2
14, 1, ob, 7
14, 2, oc, 1
14, 3, od, 6
14, 4, oe, 1
14, 5, of, 10
14, 6, og, 2
14, 7, oh, 2
14, 11, ol, 5
14, 12, om, 15
14, 13, on, 24
14, 15, op, 12
14, 17, or, 23
14, 18, os, 5
14, 19, ot, 2
14, 20, ou, 11
14, 21, ov, 5
14, 22, ow, 1
15, 0, pa, 9
15, 2, pc, 1
15, 4, pe, 11
15, 7, ph, 3
15, 8, pi, 2
15, 11, pl, 8
15, 14, po, 5
15, 15, pp, 1
15, 17, pr, 6
15, 18, ps, 3
15, 20, pu, 1
15, 22, pw, 1
16, 20, qu, 3
17, 0, ra, 7
17, 2, rc, 1
17, 3, rd, 1
17, 4, re, 32
17, 5, rf, 2
17, 6, rg, 1
17, 8, ri, 6
17, 10, rk, 1
17, 11, rl, 1
17, 12, rm, 3
17, 13, rn, 1
17, 14, ro, 8
17, 15, rp, 8
17, 18, rs, 9
17, 19, rt, 9
17, 20, ru, 4
17, 22, rw, 1
17, 24, ry, 1
18, 0, sa, 11
18, 1, sb, 1
18, 2, sc, 12
18, 4, se, 15
18, 5, sf, 5
18, 7, sh, 3
18, 8, si, 7
18, 10, sk, 1
18, 11, sl, 3
18, 12, sm, 1
18, 14, so, 6
18, 15, sp, 14
18, 17, sr, 1
18, 18, ss, 16
18, 19, st, 21
18, 20, su, 1
18, 22, sw, 1
19, 0, ta, 5
19, 1, tb, 1
19, 2, tc, 1
19, 4, te, 17
19, 7, th, 42
19, 8, ti, 22
19, 11, tl, 1
19, 12, tm, 1
19, 13, tn, 4
19, 14, to, 10
19, 17, tr, 16
19, 18, ts, 7
19, 19, tt, 4
19, 20, tu, 4
19, 22, tw, 3
19, 24, ty, 6
20, 1, ub, 1
20, 2, uc, 2
20, 3, ud, 1
20, 6, ug, 1
20, 11, ul, 3
20, 12, um, 12
20, 13, un, 7
20, 17, ur, 6
20, 18, us, 2
20, 19, ut, 6
21, 4, ve, 13
21, 8, vi, 3
22, 0, wa, 4
22, 2, wc, 1
22, 4, we, 4
22, 7, wh, 1
22, 8, wi, 17
22, 14, wo, 3
22, 15, wp, 1
22, 19, wt, 1
23, 2, xc, 1
23, 7, xh, 1
23, 8, xi, 1
23, 15, xp, 1
24, 0, ya, 1
24, 2, yc, 4
24, 4, ye, 2
24, 5, yf, 1
24, 7, yh, 1
24, 8, yi, 2
24, 12, ym, 1
24, 14, yo, 1
24, 17, yr, 1
24, 18, ys, 1
24, 19, yt, 3
24, 22, yw, 1
25, 0, za, 1
25, 4, ze, 2
