0, 1, ab, 7
0, 2, ac, 27
0, 3, ad, 12
0, 6, ag, 15
0, 7, ah, 1
0, 8, ai, 9
0, 9, aj, 1
0, 10, ak, 5
0, 11, al, 60
0, 12, am, 13
0, 13, an, 73
0, 15, ap, 10
0, 16, aq, 1
0, 17, ar, 47
0, 18, as, 24
0, 19, at, 48
0, 20, au, 2
0, 21, av, 3
0, 22, aw, 7
0, 24, ay, 3
1, 0, ba, 5
1, 4, be, 15
1, 5, bf, 1
1, 8, bi, 1
1, 9, bj, 1
1, 11, bl, 4
1, 14, bo, 4
1, 17, br, 8
1, 18, bs, 1
1, 20, bu, 2
1, 24, by, 4
2, 0, ca, 19
2, 2, cc, 2
2, 3, cd, 2
2, 4, ce, 35
2, 7, ch, 26
2, 8, ci, 18
2, 10, ck, 4
2, 11, cl, 4
2, 12, cm, 7
2, 14, co, 36
2, 17, cr, 5
2, 18, cs, 4
2, 19, ct, 10
2, 20, cu, 10
3, 0, da, 16
3, 1, db, 13
3, 2, dc, 6
3, 3, dd, 5
3, 4, de, 31
3, 5, df, 1
3, 7, dh, 1
3, 8, di, 21
3, 9, dj, 1
3, 11, dl, 6
3, 12, dm, 2
3, 13, dn, 2
3, 14, do, 6
3, 15, dp, 2
3, 17, dr, 3
3, 18, ds, 4
3, 19, dt, 13
3, 20, du, 3
3, 21, dv, 10
3, 22, dw, 6
3, 24, dy, 1
4, 0, ea, 61
4, 1, eb, 9
4, 2, ec, 50
4, 3, ed, 42
4, 4, ee, 18
4, 5, ef, 11
4, 6, eg, 2
4, 7, eh, 4
4, 8, ei, 18
4, 9, ej, 2
4, 11, el, 30
4, 12, em, 14
4, 13, en, 62
4, 14, eo, 9
4, 15, ep, 23
4, 16, eq, 3
4, 17, er, 67
4, 18, es, 47
4, 19, et, 32
4, 20, eu, 18
4, 21, ev, 8
4, 22, ew, 8
4, 23, ex, 8
4, 24, ey, 5
4, 26, e , 1
5, 0, fa, 5
5, 2, fc, 3
5, 3, fd, 2
5, 4, fe, 5
5, 5, ff, 5
5, 6, fg, 1
5, 7, fh, 2
5, 8, fi, 13
5, 11, fl, 2
5, 12, fm, 1
5, 13, fn, 1
5, 14, fo, 14
5, 15, fp, 1
5, 17, fr, 3
5, 18, fs, 4
5, 19, ft, 9
5, 20, fu, 3
6, 0, ga, 24
6, 1, gb, 2
6, 3, gd, 1
6, 4, ge, 17
6, 5, gf, 3
6, 6, gg, 1
6, 7, gh, 15
6, 8, gi, 23
6, 11, gl, 4
6, 12, gm, 3
6, 13, gn, 6
6, 14, go, 8
6, 15, gp, 3
6, 17, gr, 11
6, 18, gs, 5
6, 19, gt, 7
6, 20, gu, 7
6, 22, gw, 2
6, 24, gy, 1
7, 0, ha, 22
7, 3, hd, 2
7, 4, he, 60
7, 7, hh, 1
7, 8, hi, 34
7, 11, hl, 1
7, 12, hm, 6
7, 13, hn, 5
7, 14, ho, 12
7, 17, hr, 11
7, 18, hs, 4
7, 19, ht, 5
7, 20, hu, 4
8, 0, ia, 14
8, 1, ib, 8
8, 2, ic, 23
8, 3, id, 10
8, 4, ie, 20
8, 5, if, 9
8, 6, ig, 13
8, 8, ii, 1
8, 11, il, 10
8, 12, im, 13
8, 13, in, 134
8, 14, io, 50
8, 15, ip, 2
8, 16, iq, 1
8, 17, ir, 7
8, 18, is, 31
8, 19, it, 34
8, 21, iv, 10
8, 23, ix, 1
8, 25, iz, 3
9, 4, je, 1
9, 14, jo, 2
9, 20, ju, 2
10, 0, ka, 2
10, 4, ke, 6
10, 7, kh, 1
10, 8, ki, 6
10, 14, ko, 1
10, 15, kp, 4
10, 17, kr, 1
10, 18, ks, 20
10, 19, kt, 5
10, 20, ku, 2
10, 22, kw, 1
10, 24, ky, 1
11, 0, la, 21
11, 3, ld, 7
11, 4, le, 39
11, 5, lf, 3
11, 6, lg, 5
11, 8, li, 11
11, 11, ll, 17
11, 12, lm, 2
11, 13, ln, 18
11, 14, lo, 14
11, 15, lp, 5
11, 17, lr, 3
11, 18, ls, 4
11, 19, lt, 6
11, 20, lu, 9
11, 22, lw, 2
11, 24, ly, 9
12, 0, ma, 25
12, 1, mb, 6
12, 3, md, 2
12, 4, me, 16
12, 8, mi, 6
12, 12, mm, 1
12, 13, mn, 1
12, 14, mo, 7
12, 15, mp, 21
12, 18, ms, 3
12, 19, mt, 4
12, 20, mu, 3
12, 22, mw, 1
12, 24, my, 1
13, 0, na, 36
13, 1, nb, 6
13, 2, nc, 29
13, 3, nd, 49
13, 4, ne, 66
13, 5, nf, 8
13, 6, ng, 59
13, 7, nh, 4
13, 8, ni, 46
13, 11, nl, 5
13, 12, nm, 9
13, 13, nn, 7
13, 14, no, 18
13, 15, np, 3
13, 17, nr, 3
13, 18, ns, 32
13, 19, nt, 58
13, 20, nu, 2
13, 21, nv, 4
13, 22, nw, 6
13, 24, ny, 2
14, 0, oa, 7
14, 1, ob, 6
14, 2, oc, 6
14, 3, od, 15
14, 5, of, 38
14, 6, og, 14
14, 7, oh, 2
14, 8, oi, 3
14, 10, ok, 1
14, 11, ol, 11
14, 12, om, 23
14, 13, on, 85
14, 14, oo, 5
14, 15, op, 10
14, 17, or, 64
14, 18, os, 17
14, 19, ot, 9
14, 20, ou, 15
14, 21, ov, 4
14, 22, ow, 6
15, 0, pa, 19
15, 1, pb, 1
15, 4, pe, 20
15, 5, pf, 1
15, 6, pg, 1
15, 7, ph, 1
15, 8, pi, 5
15, 11, pl, 17
15, 13, pn, 2
15, 14, po, 10
15, 15, pp, 1
15, 17, pr, 30
15, 19, pt, 4
15, 20, pu, 17
16, 20, qu, 3
17, 0, ra, 44
17, 1, rb, 1
17, 2, rc, 4
17, 3, rd, 8
17, 4, re, 58
17, 5, rf, 8
17, 6, rg, 2
17, 8, ri, 23
17, 9, rj, 1
17, 10, rk, 14
17, 11, rl, 6
17, 12, rm, 6
17, 13, rn, 18
17, 14, ro, 39
17, 15, rp, 3
17, 17, rr, 5
17, 18, rs, 16
17, 19, rt, 11
17, 20, ru, 1
17, 21, rv, 7
17, 22, rw, 4
17, 24, ry, 1
18, 0, sa, 23
18, 1, sb, 5
18, 2, sc, 12
18, 3, sd, 3
18, 4, se, 20
18, 7, sh, 11
18, 8, si, 41
18, 10, sk, 2
18, 11, sl, 6
18, 12, sm, 6
18, 13, sn, 2
18, 14, so, 21
18, 15, sp, 7
18, 17, sr, 2
18, 18, ss, 18
18, 19, st, 38
18, 20, su, 8
18, 21, sv, 2
18, 22, sw, 6
18, 24, sy, 8
19, 0, ta, 23
19, 1, tb, 1
19, 2, tc, 5
19, 3, td, 2
19, 4, te, 49
19, 5, tf, 1
19, 7, th, 100
19, 8, ti, 73
19, 11, tl, 7
19, 12, tm, 1
19, 13, tn, 1
19, 14, to, 51
19, 15, tp, 6
19, 17, tr, 8
19, 18, ts, 17
19, 19, tt, 15
19, 20, tu, 18
19, 22, tw, 21
19, 24, ty, 10
20, 0, ua, 5
20, 2, uc, 6
20, 3, ud, 3
20, 4, ue, 7
20, 6, ug, 4
20, 7, uh, 1
20, 8, ui, 1
20, 11, ul, 5
20, 12, um, 4
20, 13, un, 19
20, 15, up, 4
20, 17, ur, 27
20, 18, us, 11
20, 19, ut, 28
21, 0, va, 7
21, 4, ve, 28
21, 8, vi, 13
21, 14, vo, 7
21, 15, vp, 1
21, 18, vs, 1
22, 0, wa, 10
22, 4, we, 10
22, 5, wf, 1
22, 7, wh, 8
22, 8, wi, 7
22, 13, wn, 1
22, 14, wo, 16
22, 17, wr, 1
22, 18, ws, 1
22, 19, wt, 3
22, 24, wy, 1
23, 0, xa, 1
23, 13, xn, 1
23, 15, xp, 3
23, 19, xt, 1
24, 0, ya, 8
24, 1, yb, 2
24, 2, yc, 1
24, 3, yd, 1
24, 4, ye, 3
24, 5, yf, 2
24, 7, yh, 2
24, 8, yi, 2
24, 10, yk, 1
24, 11, yl, 3
24, 12, ym, 1
24, 13, yn, 1
24, 14, yo, 4
24, 17, yr, 1
24, 18, ys, 11
24, 19, yt, 6
24, 21, yv, 1
24, 22, yw, 1
25, 0, za, 2
25, 4, ze, 3
25, 12, zm, 2
